000587
300366
603738
300299
300593
300679
300608
300322
300342
300394
600345
002335
300252
603618
300292
300319
300590
002308
300153
300288
300563
300570
002123
300397
002837
002089
300726
300077
002913
300493
300353
300597
300310
603496
600459
300565
300735
300615
300638
002929
002345
300050
002402
300513
603559
300560
300602
002897
300025
002881
600531
002792
300502
002848
002716
300731
600734
000408
002579
300250
300698
603602
000506
603083
300414
600766
603042
002721
300548
600891
300312
002115
600086
002231
600311
002547
002886
002446
603322
000586